# POPSFILE VERSION 4
&POPSHEAD Pop64Bit=T
PopHPHF=T,PopLz=T,PopLensign= 1,PopNEl= 24,
PopTotwalk=          44472,PopSft=   -1.050860125081,
 PopSumNoatHF=                371099 ,
 PopSumENum=  -310899.794311486      ,
PopCyc=           13500,PopNIfD= 0,PopNIfY= 0,PopNIfSgn= 1,
PopNIfFlag= 1,PopNIfTot= 2,PopTau=    0.000269399101,
PopiBlockingIter=           12680
PopRandomHash=        44031,       56697,       32062,       20992,       34270,       51796,       51852,       47114,       22794,       28981,       51981,       25416,        4022,       32828,       54311,       39651,       31484,       59841,       56709,       25024,       21281,       47807,        1490,        7885,        2582,       33228,       17870,       31989,       49028,       23809,        4346,       58701,       10266,        8476,       24623,       26676,       13987,       33916,        5375,       42389,       24503,       32642,       53836,       19878,        2733,       19208,       58114,       46660,        5907,       11455,       52437,       29945,       49607,       41346,       43043,        3798,       19871,        6645,       25784,       58372,
 &END
